00240
01165
01171
02330
02126
02999
02613
02529
02470
02498
02535
02537
02538
02539
02138
02128
02331
02332
02514
02482
02488
02099
03668
03192
04812
04964
04147
04188
04248
04659
05570
05340
05513
00548
05640
05364
05511
05581
05632
06198
06718
07071
07608
07259
08384
08611
08801
09436
09678
09252
09545
10989
10000
10920
10897
10593
10824
10110
10590
10415
10509
10484
11005
11596
11589
12952
13449
13197
13499
23720
23292
23629
24424
24739
21193
25327
25772
25689
25583
25584
25547
25557
26258
27326
27327
27179
28409
28279
28635
28954
28761
29260
29309
29717
29592
29698
29648
29568
29796
32131
02438
30387
15201
30750
30826
30883
30379
41471
42133
42353
42295
42369
42339
42170
42249
42343
42143
42292
42314
42316
42137
42260
42224
42136
42114
42293
42392
42312
42109
42296
43442
73820
43539
44660
44509
44312
44511
44761
45225
45551
45276
45653
46661

