13629
14656
14949
14290
14199
14889
14852
14941
15170
15191
15192
15407
15284
15587
15326
15891
16514
17865
18819
18857
18650
18849
15489
18294
18515
19680
18292
18493
19410
19414
19428
19273
20860
20509
21646
21739
21248
02170
21000
21460
21667
21888
22725
22481
22211
22000
22092
22097
22850
30749
30362
32845
32891
32524
32374
32647
32335
32339
32511
32513
32822
32827
32829
32867
32538
32623
32427
32857
32894
32783
32576
32579
32499
32590
32751
32163
32593
32110
32592
32220
32746
32893
32572
32578
32653
32414
32359
32133
32134
32941
32694
32367
32635
32349
32614
32591
33847
33724
03392
05519
33419
33709
33480
33781
33848
33476
33110
34404
34814
34874
34884
34348
35404
35418
35435
35188
34570
35579
35000
35370
36439
36308
36850
36311
36155
36778
36473
37694
37726
37872
47428
37209
37216
37729
37467
37214
38289
39796
39506
39290
39293
39708
39585
39291
39780
39786
39787
39739
39211
39725
39439
39811
39416
39726
39390
39807
39717
39317
39248
39229
40316
40418
40561
40511
40448
41489
41729
10701
41926
41929
43900
46480
46310
46318
47801
48348
48292
48869
49880
50613
50351
50791
50321
42221
50667
50850
50697
42269
90007
